-2.164175327453332523e-04 6.726653077201532032e-04 -4.575438670287940634e-04
6.726653077201532032e-04 5.981020764326888325e-04 -1.266736072045730136e-03
-4.575438670287940634e-04 -1.266736072045730136e-03 1.721541293097357626e-03

2.729722435902684680e-04 2.501646843369541686e-05 -2.963521047395054780e-04
2.501646843369541686e-05 7.881515057882819810e-06 -3.274850490305803493e-05
-2.963521047395054780e-04 -3.274850490305803493e-05 3.273319413119056337e-04

1.646044796736597586e-05 9.865428342380216280e-05 -1.150136235048523675e-04
9.865428342380216280e-05 4.395465325735290829e-05 -1.420174699901165195e-04
-1.150136235048523675e-04 -1.420174699901165195e-04 2.563460677458091405e-04

2.456842300412199337e-04 -1.632499957899906894e-05 -2.278861345925202952e-04
-1.632499957899906894e-05 -4.961204458191941294e-05 6.583644908120852429e-05
-2.278861345925202952e-04 6.583644908120852429e-05 1.606865222145915017e-04

